       0.000	 0.0000000000	 0.0000000000	 1.0000000000
        0.250	 0.0043633231	 0.0043633231	 0.9999904807
        0.500	 0.0087266463	 0.0087266453	 0.9999619228
        0.750	 0.0130899694	 0.0130899645	 0.9999143264
        1.000	 0.0174532925	 0.0174532771	 0.9998476913
        1.250	 0.0218166156	 0.0218165779	 0.9997620176
        1.500	 0.0261799388	 0.0261798605	 0.9996573054
        1.750	 0.0305432619	 0.0305431169	 0.9995335546
        2.000	 0.0349065850	 0.0349063376	 0.9993907652
        2.250	 0.0392699082	 0.0392695118	 0.9992289372
        2.500	 0.0436332313	 0.0436326272	 0.9990480706
        2.750	 0.0479965544	 0.0479956699	 0.9988481654
        3.000	 0.0523598776	 0.0523586249	 0.9986292216
        3.250	 0.0567232007	 0.0567214753	 0.9983912393
        3.500	 0.0610865238	 0.0610842031	 0.9981342183
        3.750	 0.0654498469	 0.0654467886	 0.9978581588
        4.000	 0.0698131701	 0.0698092110	 0.9975630606
        4.250	 0.0741764932	 0.0741714476	 0.9972489239
        4.500	 0.0785398163	 0.0785334746	 0.9969157486
        4.750	 0.0829031395	 0.0828952666	 0.9965635347
        5.000	 0.0872664626	 0.0872567968	 0.9961922823
        5.250	 0.0916297857	 0.0916180369	 0.9958019912
        5.500	 0.0959931089	 0.0959789571	 0.9953926615
        5.750	 0.1003564320	 0.1003395264	 0.9949642933
        6.000	 0.1047197551	 0.1046997121	 0.9945168864
        6.250	 0.1090830782	 0.1090594801	 0.9940504410
        6.500	 0.1134464014	 0.1134187949	 0.9935649570
        6.750	 0.1178097245	 0.1177776195	 0.9930604344
        7.000	 0.1221730476	 0.1221359155	 0.9925368732
        7.250	 0.1265363708	 0.1264936430	 0.9919942734
        7.500	 0.1308996939	 0.1308507607	 0.9914326351
        7.750	 0.1352630170	 0.1352072259	 0.9908519581
        8.000	 0.1396263402	 0.1395629943	 0.9902522426
        8.250	 0.1439896633	 0.1439180202	 0.9896334884
        8.500	 0.1483529864	 0.1482722566	 0.9889956957
        8.750	 0.1527163095	 0.1526256548	 0.9883388644
        9.000	 0.1570796327	 0.1569781649	 0.9876629945
        9.250	 0.1614429558	 0.1613297353	 0.9869680860
        9.500	 0.1658062789	 0.1656803131	 0.9862541389
        9.750	 0.1701696021	 0.1700298441	 0.9855211533
       10.000	 0.1745329252	 0.1743782722	 0.9847691290
       10.250	 0.1788962483	 0.1787255404	 0.9839980662
       10.500	 0.1832595715	 0.1830715898	 0.9832079647
       10.750	 0.1876228946	 0.1874163603	 0.9823988247
       11.000	 0.1919862177	 0.1917597903	 0.9815706461
       11.250	 0.1963495408	 0.1961018167	 0.9807234289
       11.500	 0.2007128640	 0.2004423750	 0.9798571731
       11.750	 0.2050761871	 0.2047813992	 0.9789718787
       12.000	 0.2094395102	 0.2091188219	 0.9780675458
       12.250	 0.2138028334	 0.2134545742	 0.9771441742
       12.500	 0.2181661565	 0.2177885858	 0.9762017641
       12.750	 0.2225294796	 0.2221207850	 0.9752403153
       13.000	 0.2268928028	 0.2264510985	 0.9742598280
       13.250	 0.2312561259	 0.2307794516	 0.9732603021
       13.500	 0.2356194490	 0.2351057683	 0.9722417376
       13.750	 0.2399827721	 0.2394299709	 0.9712041345
       14.000	 0.2443460953	 0.2437519805	 0.9701474929
       14.250	 0.2487094184	 0.2480717166	 0.9690718126
       14.500	 0.2530727415	 0.2523890972	 0.9679770937
       14.750	 0.2574360647	 0.2567040390	 0.9668633363
       15.000	 0.2617993878	 0.2610164572	 0.9657305403
       15.250	 0.2661627109	 0.2653262655	 0.9645787057
       15.500	 0.2705260341	 0.2696333762	 0.9634078324
       15.750	 0.2748893572	 0.2739377002	 0.9622179207
       16.000	 0.2792526803	 0.2782391467	 0.9610089703
       16.250	 0.2836160034	 0.2825376238	 0.9597809813
       16.500	 0.2879793266	 0.2868330379	 0.9585339537
       16.750	 0.2923426497	 0.2911252941	 0.9572678876
       17.000	 0.2967059728	 0.2954142959	 0.9559827828
       17.250	 0.3010692960	 0.2996999455	 0.9546786395
       17.500	 0.3054326191	 0.3039821435	 0.9533554576
       17.750	 0.3097959422	 0.3082607893	 0.9520132371
       18.000	 0.3141592654	 0.3125357805	 0.9506519780
       18.250	 0.3185225885	 0.3168070135	 0.9492716803
       18.500	 0.3228859116	 0.3210743833	 0.9478723440
       18.750	 0.3272492347	 0.3253377831	 0.9464539692
       19.000	 0.3316125579	 0.3295971051	 0.9450165557
       19.250	 0.3359758810	 0.3338522397	 0.9435601037
       19.500	 0.3403392041	 0.3381030761	 0.9420846131
       19.750	 0.3447025273	 0.3423495018	 0.9405900838
       20.000	 0.3490658504	 0.3465914031	 0.9390765160
       20.250	 0.3534291735	 0.3508286647	 0.9375439096
       20.500	 0.3577924967	 0.3550611699	 0.9359922647
       20.750	 0.3621558198	 0.3592888004	 0.9344215811
       21.000	 0.3665191429	 0.3635114368	 0.9328318589
       21.250	 0.3708824660	 0.3677289579	 0.9312230982
       21.500	 0.3752457892	 0.3719412412	 0.9295952989
       21.750	 0.3796091123	 0.3761481628	 0.9279484609
       22.000	 0.3839724354	 0.3803495972	 0.9262825844
       22.250	 0.3883357586	 0.3845454176	 0.9245976693
       22.500	 0.3926990817	 0.3887354956	 0.9228937156
       22.750	 0.3970624048	 0.3929197016	 0.9211707233
       23.000	 0.4014257280	 0.3970979042	 0.9194286925
       23.250	 0.4057890511	 0.4012699709	 0.9176676230
       23.500	 0.4101523742	 0.4054357675	 0.9158875150
       23.750	 0.4145156973	 0.4095951584	 0.9140883683
       24.000	 0.4188790205	 0.4137480066	 0.9122701831
       24.250	 0.4232423436	 0.4178941738	 0.9104329593
       24.500	 0.4276056667	 0.4220335198	 0.9085766969
       24.750	 0.4319689899	 0.4261659035	 0.9067013959
       25.000	 0.4363323130	 0.4302911820	 0.9048070563
       25.250	 0.4406956361	 0.4344092110	 0.9028936781
       25.500	 0.4450589593	 0.4385198448	 0.9009612614
       25.750	 0.4494222824	 0.4426229362	 0.8990098060
       26.000	 0.4537856055	 0.4467183367	 0.8970393121
       26.250	 0.4581489286	 0.4508058961	 0.8950497796
       26.500	 0.4625122518	 0.4548854631	 0.8930412085
       26.750	 0.4668755749	 0.4589568845	 0.8910135988
       27.000	 0.4712388980	 0.4630200060	 0.8889669505
       27.250	 0.4756022212	 0.4670746717	 0.8869012636
       27.500	 0.4799655443	 0.4711207244	 0.8848165381
       27.750	 0.4843288674	 0.4751580052	 0.8827127741
       28.000	 0.4886921906	 0.4791863539	 0.8805899714
       28.250	 0.4930555137	 0.4832056090	 0.8784481302
       28.500	 0.4974188368	 0.4872156072	 0.8762872504
       28.750	 0.5017821599	 0.4912161840	 0.8741073320
       29.000	 0.5061454831	 0.4952071735	 0.8719083750
       29.250	 0.5105088062	 0.4991884081	 0.8696903794
       29.500	 0.5148721293	 0.5031597189	 0.8674533452
       29.750	 0.5192354525	 0.5071209356	 0.8651972725
       30.000	 0.5235987756	 0.5110718863	 0.8629221611
       30.250	 0.5279620987	 0.5150123979	 0.8606280112
       30.500	 0.5323254219	 0.5189422955	 0.8583148226
       30.750	 0.5366887450	 0.5228614031	 0.8559825955
       31.000	 0.5410520681	 0.5267695430	 0.8536313298
       31.250	 0.5454153912	 0.5306665362	 0.8512610255
       31.500	 0.5497787144	 0.5345522022	 0.8488716826
       31.750	 0.5541420375	 0.5384263589	 0.8464633011
       32.000	 0.5585053606	 0.5422888230	 0.8440358811
       32.250	 0.5628686838	 0.5461394097	 0.8415894224
       32.500	 0.5672320069	 0.5499779326	 0.8391239252
       32.750	 0.5715953300	 0.5538042040	 0.8366393893
       33.000	 0.5759586532	 0.5576180346	 0.8341358149
       33.250	 0.5803219763	 0.5614192338	 0.8316132019
       33.500	 0.5846852994	 0.5652076095	 0.8290715503
       33.750	 0.5890486225	 0.5689829681	 0.8265108601
       34.000	 0.5934119457	 0.5727451147	 0.8239311314
       34.250	 0.5977752688	 0.5764938527	 0.8213323640
       34.500	 0.6021385919	 0.5802289843	 0.8187145580
       34.750	 0.6065019151	 0.5839503101	 0.8160777135
       35.000	 0.6108652382	 0.5876576293	 0.8134218304
       35.250	 0.6152285613	 0.5913507396	 0.8107469087
       35.500	 0.6195918845	 0.5950294374	 0.8080529484
       35.750	 0.6239552076	 0.5986935174	 0.8053399495
       36.000	 0.6283185307	 0.6023427731	 0.8026079120
       36.250	 0.6326818538	 0.6059769964	 0.7998568359
       36.500	 0.6370451770	 0.6095959778	 0.7970867212
       36.750	 0.6414085001	 0.6131995064	 0.7942975680
       37.000	 0.6457718232	 0.6167873697	 0.7914893762
       37.250	 0.6501351464	 0.6203593539	 0.7886621457
       37.500	 0.6544984695	 0.6239152437	 0.7858158767
       37.750	 0.6588617926	 0.6274548223	 0.7829505691
       38.000	 0.6632251158	 0.6309778716	 0.7800662229
       38.250	 0.6675884389	 0.6344841717	 0.7771628381
       38.500	 0.6719517620	 0.6379735018	 0.7742404148
       38.750	 0.6763150851	 0.6414456392	 0.7712989528
       39.000	 0.6806784083	 0.6449003598	 0.7683384523
       39.250	 0.6850417314	 0.6483374383	 0.7653589131
       39.500	 0.6894050545	 0.6517566477	 0.7623603354
       39.750	 0.6937683777	 0.6551577598	 0.7593427191
       40.000	 0.6981317008	 0.6585405446	 0.7563060642
       40.250	 0.7024950239	 0.6619047709	 0.7532503707
       40.500	 0.7068583471	 0.6652502060	 0.7501756386
       40.750	 0.7112216702	 0.6685766158	 0.7470818679
       41.000	 0.7155849933	 0.6718837647	 0.7439690587
       41.250	 0.7199483164	 0.6751714156	 0.7408372108
       41.500	 0.7243116396	 0.6784393300	 0.7376863244
       41.750	 0.7286749627	 0.6816872679	 0.7345163994
       42.000	 0.7330382858	 0.6849149880	 0.7313274357
       42.250	 0.7374016090	 0.6881222474	 0.7281194335
       42.500	 0.7417649321	 0.6913088017	 0.7248923928
       42.750	 0.7461282552	 0.6944744053	 0.7216463134
       43.000	 0.7504915784	 0.6976188110	 0.7183811954
       43.250	 0.7548549015	 0.7007417700	 0.7150970389
       43.500	 0.7592182246	 0.7038430323	 0.7117938437
       43.750	 0.7635815477	 0.7069223463	 0.7084716100
       44.000	 0.7679448709	 0.7099794590	 0.7051303376
       44.250	 0.7723081940	 0.7130141160	 0.7017700267
       44.500	 0.7766715171	 0.7160260614	 0.6983906772
       44.750	 0.7810348403	 0.7190150378	 0.6949922891
       45.000	 0.7853981634	 0.7219807864	 0.6915748625
       45.250	 0.7897614865	 0.7249230470	 0.6881383972
       45.500	 0.7941248097	 0.7278415578	 0.6846828933
       45.750	 0.7984881328	 0.7307360558	 0.6812083509
       46.000	 0.8028514559	 0.7336062762	 0.6777147699
       46.250	 0.8072147790	 0.7364519531	 0.6742021502
       46.500	 0.8115781022	 0.7392728190	 0.6706704920
       46.750	 0.8159414253	 0.7420686048	 0.6671197952
       47.000	 0.8203047484	 0.7448390403	 0.6635500598
       47.250	 0.8246680716	 0.7475838535	 0.6599612859
       47.500	 0.8290313947	 0.7503027712	 0.6563534733
       47.750	 0.8333947178	 0.7529955185	 0.6527266221
       48.000	 0.8377580410	 0.7556618194	 0.6490807324
       48.250	 0.8421213641	 0.7583013961	 0.6454158041
       48.500	 0.8464846872	 0.7609139695	 0.6417318372
       48.750	 0.8508480103	 0.7634992592	 0.6380288316
       49.000	 0.8552113335	 0.7660569831	 0.6343067875
       49.250	 0.8595746566	 0.7685868577	 0.6305657049
       49.500	 0.8639379797	 0.7710885981	 0.6268055836
       49.750	 0.8683013029	 0.7735619181	 0.6230264237
       50.000	 0.8726646260	 0.7760065297	 0.6192282253
       50.250	 0.8770279491	 0.7784221438	 0.6154109882
       50.500	 0.8813912723	 0.7808084697	 0.6115747126
       50.750	 0.8857545954	 0.7831652151	 0.6077193984
       51.000	 0.8901179185	 0.7854920866	 0.6038450456
       51.250	 0.8944812416	 0.7877887890	 0.5999516542
       51.500	 0.8988445648	 0.7900550258	 0.5960392242
       51.750	 0.9032078879	 0.7922904992	 0.5921077556
       52.000	 0.9075712110	 0.7944949097	 0.5881572484
       52.250	 0.9119345342	 0.7966679564	 0.5841877027
       52.500	 0.9162978573	 0.7988093371	 0.5801991184
       52.750	 0.9206611804	 0.8009187481	 0.5761914954
       53.000	 0.9250245036	 0.8029958840	 0.5721648339
       53.250	 0.9293878267	 0.8050404383	 0.5681191338
       53.500	 0.9337511498	 0.8070521029	 0.5640543951
       53.750	 0.9381144729	 0.8090305682	 0.5599706178
       54.000	 0.9424777961	 0.8109755232	 0.5558678020
       54.250	 0.9468411192	 0.8128866555	 0.5517459475
       54.500	 0.9512044423	 0.8147636512	 0.5476050544
       54.750	 0.9555677655	 0.8166061949	 0.5434451228
       55.000	 0.9599310886	 0.8184139698	 0.5392661526
       55.250	 0.9642944117	 0.8201866578	 0.5350681438
       55.500	 0.9686577349	 0.8219239390	 0.5308510964
       55.750	 0.9730210580	 0.8236254924	 0.5266150104
       56.000	 0.9773843811	 0.8252909953	 0.5223598858
       56.250	 0.9817477042	 0.8269201237	 0.5180857226
       56.500	 0.9861110274	 0.8285125522	 0.5137925208
       56.750	 0.9904743505	 0.8300679537	 0.5094802805
       57.000	 0.9948376736	 0.8315859999	 0.5051490016
       57.250	 0.9992009968	 0.8330663609	 0.5007986840
       57.500	 1.0035643199	 0.8345087054	 0.4964293279
       57.750	 1.0079276430	 0.8359127007	 0.4920409332
       58.000	 1.0122909662	 0.8372780126	 0.4876334999
       58.250	 1.0166542893	 0.8386043054	 0.4832070280
       58.500	 1.0210176124	 0.8398912420	 0.4787615176
       58.750	 1.0253809355	 0.8411384840	 0.4742969685
       59.000	 1.0297442587	 0.8423456913	 0.4698133809
       59.250	 1.0341075818	 0.8435125224	 0.4653107546
       59.500	 1.0384709049	 0.8446386345	 0.4607890898
       59.750	 1.0428342281	 0.8457236832	 0.4562483864
       60.000	 1.0471975512	 0.8467673227	 0.4516886444
       60.250	 1.0515608743	 0.8477692058	 0.4471098638
       60.500	 1.0559241975	 0.8487289839	 0.4425120446
       60.750	 1.0602875206	 0.8496463066	 0.4378951868
       61.000	 1.0646508437	 0.8505208225	 0.4332592905
       61.250	 1.0690141668	 0.8513521785	 0.4286043555
       61.500	 1.0733774900	 0.8521400201	 0.4239303820
       61.750	 1.0777408131	 0.8528839914	 0.4192373699
       62.000	 1.0821041362	 0.8535837350	 0.4145253192
       62.250	 1.0864674594	 0.8542388920	 0.4097942299
       62.500	 1.0908307825	 0.8548491021	 0.4050441020
       62.750	 1.0951941056	 0.8554140036	 0.4002749355
       63.000	 1.0995574288	 0.8559332334	 0.3954867304
       63.250	 1.1039207519	 0.8564064267	 0.3906794868
       63.500	 1.1082840750	 0.8568332174	 0.3858532045
       63.750	 1.1126473981	 0.8572132381	 0.3810078837
       64.000	 1.1170107213	 0.8575461197	 0.3761435243
       64.250	 1.1213740444	 0.8578314919	 0.3712601263
       64.500	 1.1257373675	 0.8580689826	 0.3663576897
       64.750	 1.1301006907	 0.8582582185	 0.3614362145
       65.000	 1.1344640138	 0.8583988250	 0.3564957007
       65.250	 1.1388273369	 0.8584904256	 0.3515361483
       65.500	 1.1431906601	 0.8585326428	 0.3465575574
       65.750	 1.1475539832	 0.8585250974	 0.3415599278
       66.000	 1.1519173063	 0.8584674088	 0.3365432597
       66.250	 1.1562806294	 0.8583591950	 0.3315075530
       66.500	 1.1606439526	 0.8582000724	 0.3264528077
       66.750	 1.1650072757	 0.8579896561	 0.3213790238
       67.000	 1.1693705988	 0.8577275598	 0.3162862013
       67.250	 1.1737339220	 0.8574133956	 0.3111743402
       67.500	 1.1780972451	 0.8570467742	 0.3060434405
       67.750	 1.1824605682	 0.8566273048	 0.3008935023
       68.000	 1.1868238914	 0.8561545953	 0.2957245255
       68.250	 1.1911872145	 0.8556282521	 0.2905365100
       68.500	 1.1955505376	 0.8550478800	 0.2853294560
       68.750	 1.1999138607	 0.8544130825	 0.2801033634
       69.000	 1.2042771839	 0.8537234616	 0.2748582322
       69.250	 1.2086405070	 0.8529786179	 0.2695940624
       69.500	 1.2130038301	 0.8521781505	 0.2643108540
       69.750	 1.2173671533	 0.8513216570	 0.2590086071
       70.000	 1.2217304764	 0.8504087337	 0.2536873215
       70.250	 1.2260937995	 0.8494389753	 0.2483469974
       70.500	 1.2304571227	 0.8484119751	 0.2429876347
       70.750	 1.2348204458	 0.8473273251	 0.2376092333
       71.000	 1.2391837689	 0.8461846155	 0.2322117934
       71.250	 1.2435470920	 0.8449834354	 0.2267953149
       71.500	 1.2479104152	 0.8437233722	 0.2213597978
       71.750	 1.2522737383	 0.8424040121	 0.2159052422
       72.000	 1.2566370614	 0.8410249397	 0.2104316479
       72.250	 1.2610003846	 0.8395857381	 0.2049390151
       72.500	 1.2653637077	 0.8380859889	 0.1994273436
       72.750	 1.2697270308	 0.8365252726	 0.1938966336
       73.000	 1.2740903540	 0.8349031679	 0.1883468850
       73.250	 1.2784536771	 0.8332192521	 0.1827780978
       73.500	 1.2828170002	 0.8314731012	 0.1771902720
       73.750	 1.2871803233	 0.8296642896	 0.1715834076
       74.000	 1.2915436465	 0.8277923904	 0.1659575046
       74.250	 1.2959069696	 0.8258569751	 0.1603125631
       74.500	 1.3002702927	 0.8238576138	 0.1546485829
       74.750	 1.3046336159	 0.8217938752	 0.1489655642
       75.000	 1.3089969390	 0.8196653265	 0.1432635068
       75.250	 1.3133602621	 0.8174715335	 0.1375424109
       75.500	 1.3177235853	 0.8152120604	 0.1318022764
       75.750	 1.3220869084	 0.8128864702	 0.1260431033
       76.000	 1.3264502315	 0.8104943243	 0.1202648917
       76.250	 1.3308135546	 0.8080351825	 0.1144676414
       76.500	 1.3351768778	 0.8055086035	 0.1086513525
       76.750	 1.3395402009	 0.8029141443	 0.1028160251
       77.000	 1.3439035240	 0.8002513605	 0.0969616590
       77.250	 1.3482668472	 0.7975198063	 0.0910882544
       77.500	 1.3526301703	 0.7947190344	 0.0851958112
       77.750	 1.3569934934	 0.7918485960	 0.0792843294
       78.000	 1.3613568166	 0.7889080410	 0.0733538090
       78.250	 1.3657201397	 0.7858969178	 0.0674042500
       78.500	 1.3700834628	 0.7828147732	 0.0614356525
       78.750	 1.3744467859	 0.7796611527	 0.0554480163
       79.000	 1.3788101091	 0.7764356003	 0.0494413416
       79.250	 1.3831734322	 0.7731376587	 0.0434156282
       79.500	 1.3875367553	 0.7697668688	 0.0373708763
       79.750	 1.3919000785	 0.7663227704	 0.0313070858
       80.000	 1.3962634016	 0.7628049018	 0.0252242567
       80.250	 1.4006267247	 0.7592127995	 0.0191223890
       80.500	 1.4049900479	 0.7555459991	 0.0130014827
       80.750	 1.4093533710	 0.7518040343	 0.0068615378
       81.000	 1.4137166941	 0.7479864376	 0.0007025544
       81.250	 1.4180800172	 0.7440927399	-0.0054754677
       81.500	 1.4224433404	 0.7401224707	-0.0116725283
       81.750	 1.4268066635	 0.7360751582	-0.0178886275
       82.000	 1.4311699866	 0.7319503288	-0.0241237653
       82.250	 1.4355333098	 0.7277475079	-0.0303779417
       82.500	 1.4398966329	 0.7234662191	-0.0366511567
       82.750	 1.4442599560	 0.7191059846	-0.0429434103
       83.000	 1.4486232792	 0.7146663254	-0.0492547025
       83.250	 1.4529866023	 0.7101467607	-0.0555850332
       83.500	 1.4573499254	 0.7055468085	-0.0619344026
       83.750	 1.4617132485	 0.7008659853	-0.0683028105
       84.000	 1.4660765717	 0.6961038060	-0.0746902570
       84.250	 1.4704398948	 0.6912597843	-0.0810967421
       84.500	 1.4748032179	 0.6863334322	-0.0875222658
       84.750	 1.4791665411	 0.6813242604	-0.0939668281
       85.000	 1.4835298642	 0.6762317782	-0.1004304290
       85.250	 1.4878931873	 0.6710554933	-0.1069130684
       85.500	 1.4922565105	 0.6657949120	-0.1134147465
       85.750	 1.4966198336	 0.6604495392	-0.1199354631
       86.000	 1.5009831567	 0.6550188783	-0.1264752184
       86.250	 1.5053464798	 0.6495024313	-0.1330340122
       86.500	 1.5097098030	 0.6438996987	-0.1396118446
       86.750	 1.5140731261	 0.6382101796	-0.1462087156
       87.000	 1.5184364492	 0.6324333716	-0.1528246252
       87.250	 1.5227997724	 0.6265687709	-0.1594595734
       87.500	 1.5271630955	 0.6206158721	-0.1661135601
       87.750	 1.5315264186	 0.6145741686	-0.1727865855
       88.000	 1.5358897418	 0.6084431521	-0.1794786494
       88.250	 1.5402530649	 0.6022223131	-0.1861897519
       88.500	 1.5446163880	 0.5959111405	-0.1929198931
       88.750	 1.5489797111	 0.5895091217	-0.1996690728
       89.000	 1.5533430343	 0.5830157428	-0.2064372911
       89.250	 1.5577063574	 0.5764304882	-0.2132245479
       89.500	 1.5620696805	 0.5697528413	-0.2200308434
       89.750	 1.5664330037	 0.5629822835	-0.2268561775
       90.000	 1.5707963268	 0.5561182952	-0.2337005501

